30.84 31.95 31.75 31.05 32.56 30.16 30.84 30.25 30.05 31.25 30.95 30.16 30.25 29.66 30.55 30.66 30.95 29.95 30.45 29.66 29.84 29.25 30.34 31.75 30.55 30.05 28.95 30.84 30.66 29.84 29.75 30.05 28.75 30.25 29.84 29.25 29.66 29.05 28.84 29.66 28.66 28.45 29.84 29.95 29.84 29.34 30.25 28.84 30.34 30.55 30.25 30.05 29.34 29.95 30.34 29.84 30.55 29.55 30.55 31.16
31.66 31.16 32.34 31.05 30.84 30.75 30.25 29.95 29.66 30.95 30.95 29.75 30.75 30.75 30.66 30.75 30.75 29.45 30.34 29.75 30.25 30.05 30.34 31.05 29.34 29.84 29.16 29.45 31.25 29.75 29.95 29.05 30.55 29.45 30.55 29.34 28.95 30.05 29.75 29.34 28.75 29.75 29.75 30.16 29.66 28.95 28.55 29.25 30.25 30.05 29.66 29.95 30.16 29.75 30.84 30.84 30.25 30.25 31.25 30.05
31.16 31.05 31.66 31.05 32.94 31.16 29.05 30.34 30.55 30.75 30.45 29.25 29.75 29.55 29.66 28.84 31.05 30.95 29.95 30.45 30.55 29.84 30.95 31.55 30.45 30.16 30.16 30.34 30.95 30.84 29.55 29.84 29.84 30.25 29.34 29.45 29.34 29.84 30.45 29.34 29.34 29.75 29.55 29.25 30.45 28.84 30.05 29.05 29.55 29.55 29.95 29.66 29.84 29.45 29.25 30.75 29.34 28.75 30.84 30.16
31.45 30.75 31.95 30.16 31.45 29.45 29.95 30.34 29.84 29.66 28.84 29.16 29.45 28.45 29.55 30.34 30.34 30.05 30.95 31.84 30.75 29.95 30.55 31.16 30.75 30.25 31.05 31.25 30.16 29.95 30.05 29.45 29.55 29.95 30.55 29.84 28.75 29.75 30.16 29.05 30.25 28.84 29.34 30.16 30.05 29.16 28.84 29.66 29.84 28.95 28.66 28.95 29.34 28.75 29.45 29.84 30.05 30.25 31.75 29.66
31.66 29.95 31.05 30.25 31.25 30.84 28.95 29.95 29.84 30.16 29.16 28.55 29.25 29.16 30.34 29.75 31.45 30.84 31.75 31.55 31.25 29.75 31.66 31.34 31.16 31.25 30.84 32.06 30.75 31.45 30.45 29.84 28.75 30.75 29.95 28.75 28.66 30.05 29.75 29.55 28.95 29.34 30.05 29.95 29.16 29.25 30.16 29.45 29.95 29.84 30.25 29.95 29.16 30.45 29.05 30.75 30.34 29.84 30.34 30.45
30.66 30.84 31.25 30.25 31.16 31.05 30.25 30.34 29.34 29.05 29.45 28.84 30.25 29.16 30.25 30.45 30.55 30.95 31.34 33.16 33.16 32.06 32.84 32.84 31.34 31.55 31.16 31.45 32.25 31.45 30.66 30.25 29.75 29.95 30.75 29.84 29.66 29.84 29.45 30.05 29.25 29.05 30.95 29.95 30.55 29.95 29.66 29.66 30.16 29.75 29.45 29.75 30.16 29.34 29.84 31.34 29.95 30.05 30.75 28.84
30.66 30.45 30.45 29.66 31.05 29.84 28.95 29.66 30.25 29.25 29.95 28.95 29.66 29.34 30.05 30.05 31.95 30.75 31.55 32.44 33.06 33.56 32.06 33.66 32.75 31.45 31.95 32.16 31.95 31.66 31.05 30.05 30.34 29.55 29.75 28.75 30.16 30.05 29.25 29.75 29.84 29.16 29.66 29.66 31.25 29.84 29.16 29.95 30.55 29.66 29.34 30.05 30.34 29.34 29.95 30.55 29.75 29.55 30.34 30.55
29.75 30.25 31.25 29.45 30.55 29.84 29.75 29.95 29.16 29.34 29.75 29.25 30.16 29.75 30.05 30.84 32.34 32.06 32.66 34.25 33.56 35.06 33.94 33.44 33.06 32.16 32.75 32.75 32.66 31.34 31.75 31.34 31.25 30.16 30.66 30.16 29.45 29.45 30.16 29.95 30.16 30.66 29.95 30.55 29.95 29.55 31.05 30.95 30.34 30.05 30.75 30.25 30.16 29.84 30.16 30.16 30.05 30.16 31.34 30.34
31.16 30.45 30.55 30.16 31.25 29.55 29.55 29.95 29.75 29.95 29.75 30.34 30.55 29.95 30.75 30.84 32.94 33.34 32.75 33.94 33.56 33.94 34.44 34.66 34.84 33.34 32.34 32.94 32.06 31.95 32.44 31.25 30.05 31.16 29.84 30.45 29.45 29.75 29.55 30.55 29.66 30.05 29.75 29.95 30.16 29.95 29.84 30.34 30.84 30.34 30.16 30.45 30.25 31.05 30.25 29.45 30.05 29.75 30.05 29.84
30.66 30.95 30.75 30.55 30.75 29.66 30.25 30.34 29.25 31.75 30.34 30.25 30.75 28.45 30.75 32.34 33.34 33.16 32.56 33.84 34.06 33.84 34.56 33.84 34.16 33.66 34.06 33.84 33.16 33.44 32.16 32.25 30.34 30.66 30.45 30.45 31.05 30.84 29.75 30.25 29.95 30.75 29.55 30.66 30.05 30.25 30.75 30.25 30.34 30.55 29.66 30.75 30.75 30.55 31.16 30.95 30.75 29.95 31.45 29.84
30.55 30.45 30.66 30.66 31.25 30.75 29.34 30.75 29.84 30.16 30.05 29.45 30.45 29.34 30.55 31.95 33.66 34.25 33.75 33.94 33.56 34.16 34.34 35.16 34.75 34.56 33.34 34.25 33.94 33.25 33.25 30.16 29.66 31.34 30.05 30.75 29.75 29.55 30.34 30.25 29.66 29.95 30.84 31.25 30.25 29.45 30.16 29.75 31.45 30.45 30.66 31.05 31.34 30.95 30.45 30.75 29.55 29.84 31.25 30.66
29.95 29.84 30.84 30.84 32.84 29.66 31.16 30.84 30.34 31.45 29.45 31.34 31.66 29.95 31.25 33.34 33.66 33.34 33.44 34.56 34.44 33.66 34.34 34.44 34.06 33.84 33.56 35.25 35.16 34.25 31.95 31.16 30.34 30.34 31.34 30.55 30.25 30.95 30.95 30.45 30.34 31.16 31.34 31.16 30.95 30.75 31.34 30.34 31.25 30.05 31.45 30.05 32.06 31.34 30.45 31.55 30.95 29.95 31.75 29.55
31.25 30.55 30.55 30.34 30.95 31.05 29.95 30.25 30.05 31.34 30.55 30.34 30.34 29.75 30.34 31.84 33.75 33.66 33.75 34.94 34.56 33.66 35.06 34.56 35.25 34.25 34.56 35.16 34.94 34.44 33.06 29.95 31.25 31.16 30.66 30.66 30.05 30.55 30.55 30.66 30.45 30.55 30.95 30.95 31.34 29.95 30.75 30.84 32.16 30.95 30.66 31.34 30.84 30.75 30.95 30.95 31.16 30.25 31.25 30.66
30.55 30.45 31.55 30.05 31.45 31.16 30.66 31.16 30.34 31.45 30.84 29.84 31.25 30.55 31.95 32.84 33.66 34.34 34.06 34.34 35.34 33.84 34.25 34.94 34.16 33.25 34.06 34.94 35.25 34.25 31.95 30.66 30.75 31.34 32.34 31.16 30.55 30.66 31.16 30.84 30.75 29.45 31.25 31.25 30.84 31.05 30.16 30.45 31.16 29.95 31.34 29.95 31.05 31.84 31.05 30.84 30.66 30.45 31.34 31.16
31.16 31.05 30.95 30.84 31.05 29.95 31.75 30.95 31.25 31.25 31.84 30.45 31.34 31.34 31.25 31.75 33.94 33.94 33.44 34.34 33.94 33.66 34.56 34.84 34.84 34.66 33.44 35.06 34.66 34.25 31.84 31.05 31.75 30.75 32.25 31.75 30.55 31.75 30.45 30.25 29.55 30.25 30.95 29.95 30.95 30.16 31.05 31.75 30.84 30.75 31.55 31.34 31.34 30.34 30.75 31.25 31.05 30.16 31.95 31.34
31.66 31.05 32.16 31.66 30.75 30.75 30.45 31.55 30.55 31.34 31.45 30.84 30.75 30.25 31.66 31.45 33.16 33.56 34.16 34.75 33.84 33.94 33.75 34.94 34.16 34.66 34.16 35.66 35.75 34.75 31.95 31.66 31.34 31.95 31.05 31.25 30.55 31.34 30.75 30.55 31.95 30.66 30.16 30.75 30.34 31.16 30.34 31.16 31.84 30.95 30.66 30.95 31.45 31.34 32.34 31.66 31.55 31.25 31.95 31.55
32.16 30.45 30.95 30.66 31.05 30.34 30.75 31.25 30.84 31.34 32.44 30.75 30.66 29.45 31.05 31.75 33.06 32.94 33.75 33.94 33.34 33.56 34.34 34.94 33.56 34.16 33.84 34.34 35.94 33.34 32.16 31.25 30.55 30.25 31.55 30.75 30.55 31.25 31.25 30.84 30.05 30.95 31.05 31.34 30.45 31.66 31.84 31.34 31.55 30.55 30.45 30.55 31.34 32.16 32.06 31.45 30.16 31.16 32.44 30.66
31.16 31.25 31.25 30.84 31.45 31.84 31.25 30.84 30.84 32.56 30.84 29.45 31.45 29.95 32.06 31.34 32.34 34.16 33.56 34.25 33.16 34.16 35.16 35.84 33.25 33.66 34.34 34.56 34.94 33.16 31.16 31.75 31.16 31.75 30.55 31.55 30.55 30.95 30.75 30.66 30.66 30.66 31.95 32.06 31.34 29.75 32.34 30.84 32.75 32.16 31.16 30.25 31.34 31.84 31.45 32.16 30.95 30.34 32.56 31.34
31.66 30.55 30.55 30.66 30.75 31.16 30.25 29.95 29.95 30.66 30.95 30.95 30.34 29.95 30.66 30.16 30.75 33.66 34.34 34.25 34.34 33.84 34.84 34.66 34.25 34.75 34.94 35.16 35.25 32.75 31.05 31.45 31.55 31.45 32.25 30.75 30.84 30.75 30.55 31.34 32.75 31.75 31.75 31.05 31.16 30.16 30.95 30.84 32.34 31.55 31.45 31.25 31.55 31.45 31.25 31.84 31.05 32.34 32.16 31.66
31.16 31.45 31.95 29.95 31.25 29.84 30.05 31.25 30.75 31.55 29.45 30.84 31.16 30.66 31.25 31.75 31.05 32.56 34.44 34.44 33.75 34.84 35.06 34.56 35.66 34.94 33.84 34.06 33.34 32.06 30.95 31.25 30.84 31.25 31.75 30.84 30.75 31.66 31.84 31.34 30.95 31.34 31.45 31.55 31.45 29.95 31.34 33.44 32.66 32.66 31.66 32.25 31.75 31.66 30.75 30.84 31.66 31.05 32.75 31.66
30.95 31.25 31.05 30.84 31.45 30.66 29.75 30.75 30.05 31.45 29.95 30.75 30.45 30.25 30.34 31.05 32.16 32.16 32.66 34.75 34.75 34.25 35.16 35.44 35.25 34.84 35.06 34.25 33.56 31.95 30.34 30.75 30.84 30.55 30.34 31.45 30.66 31.95 30.34 31.45 31.45 30.84 32.16 31.16 31.55 30.95 32.06 31.25 33.16 31.75 32.75 33.34 32.94 33.16 32.84 32.25 31.84 31.55 31.75 31.66
31.25 31.45 31.66 31.84 31.55 31.45 31.34 31.66 31.05 31.16 30.75 30.34 30.66 30.45 31.66 30.84 32.25 32.75 33.06 34.34 35.06 35.25 35.44 35.66 34.75 34.06 34.75 33.66 30.75 32.34 31.84 32.25 31.55 31.95 31.25 31.16 30.75 31.25 31.34 31.75 31.66 31.34 31.84 32.44 31.25 30.84 32.16 33.16 37.66 40.56 35.06 34.16 34.84 33.25 32.44 33.06 31.95 31.16 32.44 31.95
31.34 31.75 31.75 31.45 31.84 30.66 31.16 31.05 30.45 30.95 31.25 30.55 32.06 30.66 31.16 30.75 30.75 31.55 33.66 34.56 34.56 35.06 34.25 35.75 34.66 35.25 34.16 32.16 31.45 30.45 32.44 31.05 30.95 31.45 31.75 31.95 31.55 31.16 30.84 30.45 30.66 31.66 31.95 32.06 32.94 30.45 32.94 36.34 47.66 47.25 40.66 48.44 46.44 36.94 32.44 32.75 31.45 31.45 32.56 31.55
31.84 31.34 31.75 31.66 31.25 30.66 30.84 31.45 30.25 31.95 30.75 31.55 31.84 30.55 31.25 31.66 31.84 32.16 33.66 34.44 35.16 34.34 35.16 35.94 34.75 34.75 33.75 32.94 32.44 31.95 31.16 31.16 30.66 31.45 31.16 31.25 30.75 32.84 31.34 32.16 32.44 30.45 32.44 31.45 31.55 32.66 32.75 35.44 42.84 39.56 60.25 155.6 113.4 47.75 34.44 32.84 33.44 31.75 33.44 32.16
31.66 32.34 32.34 31.84 31.95 30.66 31.34 31.75 30.84 30.55 31.25 32.44 31.55 29.95 31.45 31.66 32.16 34.44 35.44 35.56 34.75 34.56 35.34 36.34 34.25 34.44 34.34 33.66 32.34 32.34 31.55 32.16 31.34 31.05 31.55 31.05 30.95 31.25 31.16 30.75 31.45 32.84 32.25 31.66 31.55 31.84 32.84 33.16 36.25 36.84 55.84 142.1 99.9 47.75 34.34 31.75 32.06 32.25 32.75 31.25
31.66 31.95 31.25 31.16 32.34 31.84 31.66 31.45 31.75 33.16 32.75 31.75 32.34 31.84 32.75 32.25 34.44 35.34 35.56 35.94 35.84 34.94 36.06 37.34 35.66 35.44 35.56 35.56 34.16 33.25 32.75 32.25 32.66 32.84 33.66 33.16 32.66 33.16 32.66 32.94 32.16 32.84 33.34 33.44 33.25 34.16 35.44 34.84 34.25 34.34 37.16 48.44 47.56 38.66 33.66 33.34 33.06 32.75 33.16 34.06
32.16 32.16 31.05 31.55 32.06 30.75 32.25 31.34 31.75 32.25 31.55 32.44 32.44 32.16 32.75 33.44 34.84 34.44 33.75 35.34 35.56 35.44 35.56 35.94 35.56 35.16 34.94 35.94 35.25 34.06 34.06 33.34 32.84 32.94 31.95 32.56 32.25 32.75 33.25 32.34 32.84 33.06 33.25 33.44 34.34 34.75 35.66 34.84 34.44 33.44 34.56 35.75 35.16 35.25 33.94 32.94 32.94 32.34 33.66 32.06
31.84 31.16 31.16 31.34 32.94 32.56 31.34 31.75 31.55 32.25 31.84 32.06 32.75 33.25 34.44 34.84 34.94 34.25 34.06 35.75 35.44 35.56 35.94 36.06 36.25 35.84 36.44 36.56 35.84 34.94 34.44 32.94 34.25 35.16 34.06 32.66 31.95 32.34 32.84 32.66 33.34 34.06 33.94 33.44 33.75 34.75 36.06 35.94 35.16 32.75 33.84 33.94 34.06 33.66 32.44 33.84 32.34 32.94 33.56 32.66
30.84 32.56 31.55 30.84 32.44 31.55 31.34 31.95 32.66 32.34 32.56 32.66 33.44 34.34 34.84 33.84 34.44 34.94 35.84 35.66 35.94 35.16 35.75 36.16 35.84 35.84 35.56 35.66 36.16 35.94 34.75 33.75 35.06 34.75 35.06 33.94 32.75 33.06 32.66 33.56 33.25 36.06 35.06 33.94 33.34 35.06 35.56 35.66 35.44 33.94 34.25 32.94 33.84 33.25 33.44 32.75 32.25 32.84 32.84 32.25
32.75 32.44 31.34 31.55 32.06 31.75 32.66 33.06 33.34 33.75 33.44 34.75 35.25 33.44 33.84 33.66 35.34 34.84 35.16 34.44 34.84 34.44 35.34 36.06 35.66 35.06 35.75 35.94 36.56 35.34 35.34 35.25 34.84 35.25 35.16 34.44 33.66 33.44 32.94 32.44 33.34 35.34 35.44 34.84 35.16 36.66 35.84 35.84 35.75 33.44 33.25 33.25 34.66 32.56 32.66 32.94 32.66 32.16 32.94 32.75
29.55 31.75 31.45 30.66 32.44 31.45 32.66 32.94 33.66 34.84 34.44 33.94 33.94 33.44 34.34 33.94 35.94 35.16 34.94 34.94 34.44 34.34 35.34 35.84 35.66 35.34 35.44 35.56 35.44 35.56 34.75 35.06 34.44 35.75 35.25 35.56 33.84 33.56 32.66 32.84 33.75 35.56 35.84 35.44 37.16 37.16 35.66 36.84 34.94 32.06 32.56 32.25 32.75 32.16 31.84 33.25 31.66 32.25 33.66 31.55
32.34 32.25 31.66 31.55 32.66 32.75 33.06 33.56 34.16 34.34 34.94 34.34 34.84 33.94 34.94 34.44 34.94 35.16 34.16 34.75 34.56 34.44 35.06 35.25 35.34 34.34 34.66 36.06 36.16 35.06 34.25 34.75 33.75 35.06 34.56 34.84 34.75 33.66 33.16 32.56 32.94 35.06 35.84 37.66 36.25 36.16 36.34 36.16 35.66 33.16 33.84 32.56 32.84 32.25 32.94 33.75 32.16 32.56 33.66 31.95
31.75 31.16 32.34 31.55 32.66 31.55 33.56 34.44 34.06 34.84 34.25 34.44 34.44 33.94 33.84 34.56 35.25 33.84 34.44 34.56 33.66 32.94 34.56 34.66 33.34 33.06 34.25 34.25 34.56 34.75 35.25 34.66 35.25 34.25 35.56 34.84 34.94 34.56 33.56 32.84 32.84 34.84 36.75 36.94 36.66 36.16 36.94 36.16 36.16 33.66 33.06 32.84 33.44 32.25 33.16 32.44 32.56 31.95 32.16 32.25
32.16 31.75 31.95 31.95 32.66 32.75 34.66 35.06 34.75 34.25 34.56 34.16 35.16 33.44 34.94 33.75 34.66 33.25 33.44 34.16 33.94 35.16 33.84 34.56 33.66 33.25 33.56 34.66 35.56 34.94 34.44 34.66 34.56 34.94 34.84 34.66 33.94 34.25 34.66 31.84 32.84 35.44 36.25 36.44 36.56 36.75 37.16 36.25 36.84 34.34 32.75 31.66 32.94 33.44 32.94 33.44 32.06 32.25 33.06 31.66
32.25 32.66 31.34 31.45 33.25 32.84 34.16 33.84 33.94 34.66 34.25 33.94 35.25 33.06 33.34 33.84 33.84 33.25 34.06 34.66 34.75 35.16 34.25 35.25 33.94 33.84 33.34 35.44 35.84 34.56 35.06 34.44 34.75 35.16 35.06 35.06 34.44 34.94 34.94 32.34 32.75 35.34 36.84 36.34 36.16 36.66 36.84 36.16 37.06 34.84 31.95 32.94 32.44 33.34 32.34 31.75 31.16 32.16 32.75 31.55
33.25 31.75 31.84 31.34 33.34 33.06 34.75 34.25 33.75 34.44 33.56 34.66 34.84 33.25 33.25 33.66 34.84 33.84 33.56 34.75 33.25 33.66 34.44 35.16 35.06 34.94 34.75 34.16 34.94 35.16 34.34 34.06 34.34 34.56 34.56 35.06 34.16 33.84 36.06 33.06 33.06 35.25 35.44 35.94 35.94 35.56 36.34 36.06 35.16 32.66 32.75 32.34 32.25 31.84 32.16 31.55 30.95 32.44 32.44 32.16
32.06 33.06 32.34 31.75 32.84 32.75 34.44 34.44 32.44 35.06 34.44 34.06 34.34 33.84 33.44 32.66 33.56 33.94 33.56 33.56 33.75 33.34 34.44 34.66 34.56 35.34 33.94 34.25 34.25 33.94 35.25 34.44 33.94 34.56 35.56 34.34 33.16 33.94 34.06 32.56 31.75 32.25 33.84 35.34 35.06 35.66 36.16 35.56 33.66 31.55 31.75 30.34 31.34 32.25 32.06 31.25 31.16 31.55 32.25 31.66
31.55 31.55 31.25 31.55 32.16 32.94 32.06 33.94 33.44 34.16 33.34 34.16 34.16 32.75 34.25 32.06 33.25 33.44 33.16 33.06 33.06 33.66 33.44 34.06 34.75 35.56 34.34 34.44 35.25 34.84 33.66 34.56 35.06 35.44 34.16 33.84 33.84 33.94 34.75 32.16 31.84 32.25 32.94 35.34 36.06 34.94 34.94 32.94 32.75 31.75 31.34 31.84 31.34 31.84 31.84 32.16 31.25 31.95 32.75 30.75
32.44 32.34 32.16 30.95 33.94 33.25 33.44 35.06 34.16 34.16 33.94 34.06 34.16 33.16 34.56 33.34 33.66 33.25 34.34 32.75 33.25 32.75 34.16 34.25 33.84 34.84 34.56 34.06 35.16 34.16 35.06 35.16 34.16 34.75 34.84 34.75 33.94 34.84 34.94 34.44 32.75 33.34 32.66 35.25 34.94 35.66 33.94 33.56 32.25 31.55 31.95 32.66 31.16 31.45 31.25 31.45 31.55 31.34 31.66 32.06
31.75 32.25 33.06 31.66 33.25 33.56 33.44 34.44 33.94 34.44 34.25 34.25 34.16 33.94 33.44 33.94 33.06 33.94 33.25 33.75 32.34 33.66 33.75 34.25 33.75 34.75 34.56 34.34 34.94 34.66 33.66 34.44 34.84 34.56 34.66 34.16 34.56 34.94 35.66 34.16 33.44 33.16 33.16 35.44 35.06 34.75 33.94 33.16 31.95 32.06 31.25 32.16 31.25 32.16 32.06 31.75 31.84 32.25 32.16 31.66
32.56 32.94 33.06 30.45 32.94 33.66 34.25 34.44 34.84 36.06 34.25 33.25 34.44 34.25 34.25 33.16 33.75 33.66 33.34 33.84 34.16 33.75 34.34 33.84 35.06 34.56 34.25 34.25 35.66 34.84 33.94 35.44 34.44 34.75 35.25 34.66 35.06 34.84 34.84 34.56 34.34 33.94 34.94 35.34 35.06 33.94 33.34 32.34 32.56 31.95 31.25 31.25 32.16 31.66 31.45 32.44 30.84 30.95 32.44 31.16
32.56 31.66 32.66 32.34 32.66 33.56 34.75 34.56 35.06 35.44 35.56 34.84 33.66 33.94 33.75 33.06 33.84 33.94 33.44 34.75 33.94 33.94 34.06 35.75 34.75 34.56 34.25 35.16 35.56 34.94 34.44 34.94 34.84 35.66 34.94 35.25 35.34 35.06 34.94 34.66 33.75 34.94 34.84 35.94 35.94 34.44 34.84 32.44 32.44 33.75 32.16 32.25 32.75 32.75 31.84 32.34 30.45 32.66 32.66 31.84
